[1.0, 0.0, 0.0, 1.0, 279.96, 535.85]
INSS

[1.0, 0.0, 0.0, 1.0, 357.31, 521.88]
CNIS - Cadastro Nacional de Informações Sociais

[1.0, 0.0, 0.0, 1.0, 357.31, 521.88]
Extrato Previdenciário
[1.0, 0.0, 0.0, 1.0, 357.31, 521.88]


[1.0, 0.0, 0.0, 1.0, 748.61, 518.23]
10/03/2023 21:08:54
[1.0, 0.0, 0.0, 1.0, 25.0, 473.72]


[1.0, 0.0, 0.0, 1.0, 25.0, 473.72]
NIT:
[1.0, 0.0, 0.0, 1.0, 55.0, 473.72]
137.29863.19-2
[1.0, 0.0, 0.0, 1.0, 228.0, 473.72]
CPF:
[1.0, 0.0, 0.0, 1.0, 263.0, 473.72]
021.544.643-78
[1.0, 0.0, 0.0, 1.0, 361.0, 473.72]
Nome:
[1.0, 0.0, 0.0, 1.0, 405.0, 473.72]
DENISIO EMANUEL DE SOUSA RODRIGUES
[1.0, 0.0, 0.0, 1.0, 25.0, 458.72]


[1.0, 0.0, 0.0, 1.0, 25.0, 458.72]
Data de nascimento:
[1.0, 0.0, 0.0, 1.0, 150.0, 458.72]
26/07/1986
[1.0, 0.0, 0.0, 1.0, 361.0, 458.72]
Nome da mãe:
[1.0, 0.0, 0.0, 1.0, 455.0, 458.72]
JACQUELINE DE SOUSA RODRIGUES
[1.0, 0.0, 0.0, 1.0, 746.3, 563.23]
Página 1 de
[1.0, 0.0, 0.0, 1.0, 792.0, 563.23]
8
[1.0, 0.0, 0.0, 1.0, 42.63, 491.72]


[1.0, 0.0, 0.0, 1.0, 42.63, 491.72]
Identificação do Filiado
[1.0, 0.0, 0.0, 1.0, 151.82, 394.89]


[1.0, 0.0, 0.0, 1.0, 151.82, 394.89]
Código Emp.
[1.0, 0.0, 0.0, 1.0, 301.0, 394.89]
Origem do Vínculo
[1.0, 0.0, 0.0, 1.0, 582.37, 394.89]
Tipo Filiado no

[1.0, 0.0, 0.0, 1.0, 582.37, 394.89]
Vínculo
[1.0, 0.0, 0.0, 1.0, 649.8, 394.89]
Data Início
[1.0, 0.0, 0.0, 1.0, 704.72, 394.89]
Data Fim
[1.0, 0.0, 0.0, 1.0, 755.4, 394.89]
Últ. Remun.
[1.0, 0.0, 0.0, 1.0, 35.03, 394.89]
Seq.
[1.0, 0.0, 0.0, 1.0, 87.44, 394.89]
NIT
[1.0, 0.0, 0.0, 1.0, 474.56, 394.89]
Matrícula do

[1.0, 0.0, 0.0, 1.0, 474.56, 394.89]
Trabalhador
[1.0, 0.0, 0.0, 1.0, 42.46, 380.73]


[1.0, 0.0, 0.0, 1.0, 42.46, 380.73]
1
[1.0, 0.0, 0.0, 1.0, 139.06, 380.73]
02.757.614/0021-91
[1.0, 0.0, 0.0, 1.0, 316.58, 380.73]
CONTAX S.A.
[1.0, 0.0, 0.0, 1.0, 584.66, 374.57]
Empregado ou Agente

[1.0, 0.0, 0.0, 1.0, 584.66, 374.57]
Público
[1.0, 0.0, 0.0, 1.0, 650.96, 380.73]
14/10/2008
[1.0, 0.0, 0.0, 1.0, 701.96, 380.73]
03/08/2009
[1.0, 0.0, 0.0, 1.0, 765.39, 380.73]
08/2009
[1.0, 0.0, 0.0, 1.0, 66.98, 380.73]
137.29863.19-2
[1.0, 0.0, 0.0, 1.0, 42.68, 327.73]


[1.0, 0.0, 0.0, 1.0, 42.68, 327.73]
Competência
[1.0, 0.0, 0.0, 1.0, 131.16, 327.73]
Remuneração
[1.0, 0.0, 0.0, 1.0, 220.7, 327.73]
Indicadores
[1.0, 0.0, 0.0, 1.0, 305.68, 327.73]
Competência
[1.0, 0.0, 0.0, 1.0, 394.16, 327.73]
Remuneração
[1.0, 0.0, 0.0, 1.0, 483.7, 327.73]
Indicadores
[1.0, 0.0, 0.0, 1.0, 566.68, 327.73]
Competência
[1.0, 0.0, 0.0, 1.0, 655.16, 327.73]
Remuneração
[1.0, 0.0, 0.0, 1.0, 746.7, 327.73]
Indicadores
[1.0, 0.0, 0.0, 1.0, 53.77, 344.23]
Remunerações
[1.0, 0.0, 0.0, 1.0, 55.39, 312.73]


[1.0, 0.0, 0.0, 1.0, 55.39, 312.73]
10/2008
[1.0, 0.0, 0.0, 1.0, 148.01, 312.73]
156,78
[1.0, 0.0, 0.0, 1.0, 318.39, 312.73]
11/2008
[1.0, 0.0, 0.0, 1.0, 411.01, 312.73]
278,62
[1.0, 0.0, 0.0, 1.0, 579.39, 312.73]
12/2008
[1.0, 0.0, 0.0, 1.0, 672.01, 312.73]
279,03
[1.0, 0.0, 0.0, 1.0, 55.39, 297.73]


[1.0, 0.0, 0.0, 1.0, 55.39, 297.73]
01/2009
[1.0, 0.0, 0.0, 1.0, 148.01, 297.73]
293,33
[1.0, 0.0, 0.0, 1.0, 318.39, 297.73]
02/2009
[1.0, 0.0, 0.0, 1.0, 411.01, 297.73]
296,03
[1.0, 0.0, 0.0, 1.0, 579.39, 297.73]
03/2009
[1.0, 0.0, 0.0, 1.0, 672.01, 297.73]
327,32
[1.0, 0.0, 0.0, 1.0, 55.39, 282.73]


[1.0, 0.0, 0.0, 1.0, 55.39, 282.73]
04/2009
[1.0, 0.0, 0.0, 1.0, 148.01, 282.73]
334,95
[1.0, 0.0, 0.0, 1.0, 318.39, 282.73]
05/2009
[1.0, 0.0, 0.0, 1.0, 411.01, 282.73]
309,78
[1.0, 0.0, 0.0, 1.0, 579.39, 282.73]
06/2009
[1.0, 0.0, 0.0, 1.0, 672.01, 282.73]
310,00
[1.0, 0.0, 0.0, 1.0, 55.39, 267.73]


[1.0, 0.0, 0.0, 1.0, 55.39, 267.73]
07/2009
[1.0, 0.0, 0.0, 1.0, 148.01, 267.73]
333,98
[1.0, 0.0, 0.0, 1.0, 318.39, 267.73]
08/2009
[1.0, 0.0, 0.0, 1.0, 413.56, 267.73]
31,47
[1.0, 0.0, 0.0, 1.0, 151.82, 230.89]


[1.0, 0.0, 0.0, 1.0, 151.82, 230.89]
Código Emp.
[1.0, 0.0, 0.0, 1.0, 301.0, 230.89]
Origem do Vínculo
[1.0, 0.0, 0.0, 1.0, 582.37, 230.89]
Tipo Filiado no

[1.0, 0.0, 0.0, 1.0, 582.37, 230.89]
Vínculo
[1.0, 0.0, 0.0, 1.0, 649.8, 230.89]
Data Início
[1.0, 0.0, 0.0, 1.0, 704.72, 230.89]
Data Fim
[1.0, 0.0, 0.0, 1.0, 755.4, 230.89]
Últ. Remun.
[1.0, 0.0, 0.0, 1.0, 35.03, 230.89]
Seq.
[1.0, 0.0, 0.0, 1.0, 87.44, 230.89]
NIT
[1.0, 0.0, 0.0, 1.0, 474.56, 230.89]
Matrícula do

[1.0, 0.0, 0.0, 1.0, 474.56, 230.89]
Trabalhador
[1.0, 0.0, 0.0, 1.0, 42.46, 216.73]


[1.0, 0.0, 0.0, 1.0, 42.46, 216.73]
2
[1.0, 0.0, 0.0, 1.0, 139.06, 216.73]
03.485.700/0001-01
[1.0, 0.0, 0.0, 1.0, 300.24, 210.57]
MR GUN CENTRO DE FORMACAO E APERFEICOAMENTO

[1.0, 0.0, 0.0, 1.0, 300.24, 210.57]
DE VIGILANTES LTDA
[1.0, 0.0, 0.0, 1.0, 584.66, 210.57]
Empregado ou Agente

[1.0, 0.0, 0.0, 1.0, 584.66, 210.57]
Público
[1.0, 0.0, 0.0, 1.0, 650.96, 216.73]
03/05/2010
[1.0, 0.0, 0.0, 1.0, 701.96, 216.73]
03/01/2011
[1.0, 0.0, 0.0, 1.0, 765.39, 216.73]
01/2011
[1.0, 0.0, 0.0, 1.0, 66.98, 216.73]
137.29863.19-2
[1.0, 0.0, 0.0, 1.0, 42.68, 163.73]


[1.0, 0.0, 0.0, 1.0, 42.68, 163.73]
Competência
[1.0, 0.0, 0.0, 1.0, 131.16, 163.73]
Remuneração
[1.0, 0.0, 0.0, 1.0, 220.7, 163.73]
Indicadores
[1.0, 0.0, 0.0, 1.0, 305.68, 163.73]
Competência
[1.0, 0.0, 0.0, 1.0, 394.16, 163.73]
Remuneração
[1.0, 0.0, 0.0, 1.0, 483.7, 163.73]
Indicadores
[1.0, 0.0, 0.0, 1.0, 566.68, 163.73]
Competência
[1.0, 0.0, 0.0, 1.0, 655.16, 163.73]
Remuneração
[1.0, 0.0, 0.0, 1.0, 746.7, 163.73]
Indicadores
[1.0, 0.0, 0.0, 1.0, 53.77, 180.23]
Remunerações
[1.0, 0.0, 0.0, 1.0, 55.39, 148.73]


[1.0, 0.0, 0.0, 1.0, 55.39, 148.73]
05/2010
[1.0, 0.0, 0.0, 1.0, 148.01, 148.73]
494,67
[1.0, 0.0, 0.0, 1.0, 318.39, 148.73]
06/2010
[1.0, 0.0, 0.0, 1.0, 411.01, 148.73]
530,00
[1.0, 0.0, 0.0, 1.0, 579.39, 148.73]
07/2010
[1.0, 0.0, 0.0, 1.0, 672.01, 148.73]
530,00
[1.0, 0.0, 0.0, 1.0, 55.39, 133.73]


[1.0, 0.0, 0.0, 1.0, 55.39, 133.73]
08/2010
[1.0, 0.0, 0.0, 1.0, 148.01, 133.73]
530,00
[1.0, 0.0, 0.0, 1.0, 318.39, 133.73]
09/2010
[1.0, 0.0, 0.0, 1.0, 411.01, 133.73]
530,00
[1.0, 0.0, 0.0, 1.0, 579.39, 133.73]
10/2010
[1.0, 0.0, 0.0, 1.0, 672.01, 133.73]
530,00
[1.0, 0.0, 0.0, 1.0, 55.39, 118.73]


[1.0, 0.0, 0.0, 1.0, 55.39, 118.73]
11/2010
[1.0, 0.0, 0.0, 1.0, 148.01, 118.73]
530,00
[1.0, 0.0, 0.0, 1.0, 318.39, 118.73]
12/2010
[1.0, 0.0, 0.0, 1.0, 411.01, 118.73]
530,00
[1.0, 0.0, 0.0, 1.0, 55.39, 103.73]


[1.0, 0.0, 0.0, 1.0, 55.39, 103.73]
01/2011
[1.0, 0.0, 0.0, 1.0, 150.56, 103.73]
56,50
[1.0, 0.0, 0.0, 1.0, 43.12, 426.04]
Relações Previdenciárias
[1.0, 0.0, 0.0, 1.0, 25.0, 44.04]


[1.0, 0.0, 0.0, 1.0, 25.0, 34.73]
O INSS poderá rever a qualquer tempo as informações constantes deste extrato, observados os arts.19 ao 19-F do RPS aprovado pelo Decreto 3.048/99.

[1.0, 0.0, 0.0, 1.0, 25.0, 25.42]
O segurado somente terá reconhecida como tempo de contribuição ao RGPS a competência cujo valor consolidado seja igual ou superior ao salário mínimo, sendo assegurados os ajustes de complementação, utilização

[1.0, 0.0, 0.0, 1.0, 25.0, 25.42]
ou agrupamento, conforme o caso, de acordo com o § 14 do art.195 da CF/1988 e art.29 da EC 103/2019.
[1.0, 0.0, 0.0, 1.0, 279.96, 535.85]
INSS

[1.0, 0.0, 0.0, 1.0, 357.31, 521.88]
CNIS - Cadastro Nacional de Informações Sociais

[1.0, 0.0, 0.0, 1.0, 357.31, 521.88]
Extrato Previdenciário
[1.0, 0.0, 0.0, 1.0, 357.31, 521.88]


[1.0, 0.0, 0.0, 1.0, 748.61, 518.23]
10/03/2023 21:08:54
[1.0, 0.0, 0.0, 1.0, 25.0, 473.72]


[1.0, 0.0, 0.0, 1.0, 25.0, 473.72]
NIT:
[1.0, 0.0, 0.0, 1.0, 55.0, 473.72]
137.29863.19-2
[1.0, 0.0, 0.0, 1.0, 228.0, 473.72]
CPF:
[1.0, 0.0, 0.0, 1.0, 263.0, 473.72]
021.544.643-78
[1.0, 0.0, 0.0, 1.0, 361.0, 473.72]
Nome:
[1.0, 0.0, 0.0, 1.0, 405.0, 473.72]
DENISIO EMANUEL DE SOUSA RODRIGUES
[1.0, 0.0, 0.0, 1.0, 25.0, 458.72]


[1.0, 0.0, 0.0, 1.0, 25.0, 458.72]
Data de nascimento:
[1.0, 0.0, 0.0, 1.0, 150.0, 458.72]
26/07/1986
[1.0, 0.0, 0.0, 1.0, 361.0, 458.72]
Nome da mãe:
[1.0, 0.0, 0.0, 1.0, 455.0, 458.72]
JACQUELINE DE SOUSA RODRIGUES
[1.0, 0.0, 0.0, 1.0, 746.3, 563.23]
Página 2 de
[1.0, 0.0, 0.0, 1.0, 792.0, 563.23]
8
[1.0, 0.0, 0.0, 1.0, 42.63, 491.72]


[1.0, 0.0, 0.0, 1.0, 42.63, 491.72]
Identificação do Filiado
[1.0, 0.0, 0.0, 1.0, 151.82, 394.89]


[1.0, 0.0, 0.0, 1.0, 151.82, 394.89]
Código Emp.
[1.0, 0.0, 0.0, 1.0, 301.0, 394.89]
Origem do Vínculo
[1.0, 0.0, 0.0, 1.0, 582.37, 394.89]
Tipo Filiado no

[1.0, 0.0, 0.0, 1.0, 582.37, 394.89]
Vínculo
[1.0, 0.0, 0.0, 1.0, 649.8, 394.89]
Data Início
[1.0, 0.0, 0.0, 1.0, 704.72, 394.89]
Data Fim
[1.0, 0.0, 0.0, 1.0, 755.4, 394.89]
Últ. Remun.
[1.0, 0.0, 0.0, 1.0, 35.03, 394.89]
Seq.
[1.0, 0.0, 0.0, 1.0, 87.44, 394.89]
NIT
[1.0, 0.0, 0.0, 1.0, 474.56, 394.89]
Matrícula do

[1.0, 0.0, 0.0, 1.0, 474.56, 394.89]
Trabalhador
[1.0, 0.0, 0.0, 1.0, 42.46, 380.73]


[1.0, 0.0, 0.0, 1.0, 42.46, 380.73]
3
[1.0, 0.0, 0.0, 1.0, 139.06, 380.73]
07.469.653/0007-59
[1.0, 0.0, 0.0, 1.0, 295.32, 374.57]
ASSOCIACAO DE EDUCACAO VICENTINA SANTA LUISA

[1.0, 0.0, 0.0, 1.0, 295.32, 374.57]
DE MARILLAC - AEVSLM
[1.0, 0.0, 0.0, 1.0, 584.66, 374.57]
Empregado ou Agente

[1.0, 0.0, 0.0, 1.0, 584.66, 374.57]
Público
[1.0, 0.0, 0.0, 1.0, 650.96, 380.73]
02/01/2012
[1.0, 0.0, 0.0, 1.0, 701.96, 380.73]
01/08/2013
[1.0, 0.0, 0.0, 1.0, 765.39, 380.73]
08/2013
[1.0, 0.0, 0.0, 1.0, 66.98, 380.73]
137.29863.19-2
[1.0, 0.0, 0.0, 1.0, 42.68, 327.73]


[1.0, 0.0, 0.0, 1.0, 42.68, 327.73]
Competência
[1.0, 0.0, 0.0, 1.0, 131.16, 327.73]
Remuneração
[1.0, 0.0, 0.0, 1.0, 220.7, 327.73]
Indicadores
[1.0, 0.0, 0.0, 1.0, 305.68, 327.73]
Competência
[1.0, 0.0, 0.0, 1.0, 394.16, 327.73]
Remuneração
[1.0, 0.0, 0.0, 1.0, 483.7, 327.73]
Indicadores
[1.0, 0.0, 0.0, 1.0, 566.68, 327.73]
Competência
[1.0, 0.0, 0.0, 1.0, 655.16, 327.73]
Remuneração
[1.0, 0.0, 0.0, 1.0, 746.7, 327.73]
Indicadores
[1.0, 0.0, 0.0, 1.0, 53.77, 344.23]
Remunerações
[1.0, 0.0, 0.0, 1.0, 55.39, 312.73]


[1.0, 0.0, 0.0, 1.0, 55.39, 312.73]
01/2012
[1.0, 0.0, 0.0, 1.0, 144.2, 312.73]
1.090,00
[1.0, 0.0, 0.0, 1.0, 318.39, 312.73]
02/2012
[1.0, 0.0, 0.0, 1.0, 407.2, 312.73]
1.090,00
[1.0, 0.0, 0.0, 1.0, 579.39, 312.73]
03/2012
[1.0, 0.0, 0.0, 1.0, 668.2, 312.73]
1.090,00
[1.0, 0.0, 0.0, 1.0, 55.39, 297.73]


[1.0, 0.0, 0.0, 1.0, 55.39, 297.73]
04/2012
[1.0, 0.0, 0.0, 1.0, 144.2, 297.73]
1.166,30
[1.0, 0.0, 0.0, 1.0, 318.39, 297.73]
05/2012
[1.0, 0.0, 0.0, 1.0, 407.2, 297.73]
1.242,60
[1.0, 0.0, 0.0, 1.0, 579.39, 297.73]
06/2012
[1.0, 0.0, 0.0, 1.0, 668.2, 297.73]
1.166,30
[1.0, 0.0, 0.0, 1.0, 55.39, 282.73]


[1.0, 0.0, 0.0, 1.0, 55.39, 282.73]
07/2012
[1.0, 0.0, 0.0, 1.0, 144.2, 282.73]
1.399,56
[1.0, 0.0, 0.0, 1.0, 318.39, 282.73]
08/2012
[1.0, 0.0, 0.0, 1.0, 407.2, 282.73]
1.166,30
[1.0, 0.0, 0.0, 1.0, 579.39, 282.73]
09/2012
[1.0, 0.0, 0.0, 1.0, 668.2, 282.73]
1.166,30
[1.0, 0.0, 0.0, 1.0, 55.39, 267.73]


[1.0, 0.0, 0.0, 1.0, 55.39, 267.73]
10/2012
[1.0, 0.0, 0.0, 1.0, 144.2, 267.73]
1.166,30
[1.0, 0.0, 0.0, 1.0, 318.39, 267.73]
11/2012
[1.0, 0.0, 0.0, 1.0, 407.2, 267.73]
1.166,30
[1.0, 0.0, 0.0, 1.0, 579.39, 267.73]
12/2012
[1.0, 0.0, 0.0, 1.0, 668.2, 267.73]
1.166,30
[1.0, 0.0, 0.0, 1.0, 55.39, 252.73]


[1.0, 0.0, 0.0, 1.0, 55.39, 252.73]
01/2013
[1.0, 0.0, 0.0, 1.0, 144.2, 252.73]
1.166,30
[1.0, 0.0, 0.0, 1.0, 318.39, 252.73]
02/2013
[1.0, 0.0, 0.0, 1.0, 407.2, 252.73]
1.166,30
[1.0, 0.0, 0.0, 1.0, 579.39, 252.73]
03/2013
[1.0, 0.0, 0.0, 1.0, 668.2, 252.73]
1.166,30
[1.0, 0.0, 0.0, 1.0, 55.39, 237.73]


[1.0, 0.0, 0.0, 1.0, 55.39, 237.73]
04/2013
[1.0, 0.0, 0.0, 1.0, 144.2, 237.73]
1.166,30
[1.0, 0.0, 0.0, 1.0, 318.39, 237.73]
05/2013
[1.0, 0.0, 0.0, 1.0, 407.2, 237.73]
1.341,24
[1.0, 0.0, 0.0, 1.0, 579.39, 237.73]
06/2013
[1.0, 0.0, 0.0, 1.0, 668.2, 237.73]
1.341,24
[1.0, 0.0, 0.0, 1.0, 55.39, 222.73]


[1.0, 0.0, 0.0, 1.0, 55.39, 222.73]
07/2013
[1.0, 0.0, 0.0, 1.0, 144.2, 222.73]
1.504,53
[1.0, 0.0, 0.0, 1.0, 318.39, 222.73]
08/2013
[1.0, 0.0, 0.0, 1.0, 413.56, 222.73]
41,79
[1.0, 0.0, 0.0, 1.0, 151.82, 185.89]


[1.0, 0.0, 0.0, 1.0, 151.82, 185.89]
Código Emp.
[1.0, 0.0, 0.0, 1.0, 301.0, 185.89]
Origem do Vínculo
[1.0, 0.0, 0.0, 1.0, 582.37, 185.89]
Tipo Filiado no

[1.0, 0.0, 0.0, 1.0, 582.37, 185.89]
Vínculo
[1.0, 0.0, 0.0, 1.0, 649.8, 185.89]
Data Início
[1.0, 0.0, 0.0, 1.0, 704.72, 185.89]
Data Fim
[1.0, 0.0, 0.0, 1.0, 755.4, 185.89]
Últ. Remun.
[1.0, 0.0, 0.0, 1.0, 35.03, 185.89]
Seq.
[1.0, 0.0, 0.0, 1.0, 87.44, 185.89]
NIT
[1.0, 0.0, 0.0, 1.0, 474.56, 185.89]
Matrícula do

[1.0, 0.0, 0.0, 1.0, 474.56, 185.89]
Trabalhador
[1.0, 0.0, 0.0, 1.0, 42.46, 171.73]


[1.0, 0.0, 0.0, 1.0, 42.46, 171.73]
4
[1.0, 0.0, 0.0, 1.0, 238.07, 171.73]
AGRUPAMENTO DE CONTRATANTES/COOPERATIVAS
[1.0, 0.0, 0.0, 1.0, 553.46, 171.73]
Contribuinte Individual
[1.0, 0.0, 0.0, 1.0, 650.96, 171.73]
01/09/2012
[1.0, 0.0, 0.0, 1.0, 701.96, 171.73]
30/09/2012
[1.0, 0.0, 0.0, 1.0, 66.98, 171.73]
137.29863.19-2
[1.0, 0.0, 0.0, 1.0, 39.22, 155.23]


[1.0, 0.0, 0.0, 1.0, 39.22, 155.23]
Indicadores:
[1.0, 0.0, 0.0, 1.0, 96.0, 155.23]
IREM-INDPEND
[1.0, 0.0, 0.0, 1.0, 46.88, 120.73]


[1.0, 0.0, 0.0, 1.0, 46.88, 120.73]
Competência
[1.0, 0.0, 0.0, 1.0, 164.89, 120.73]
Contrat./Cooperat.
[1.0, 0.0, 0.0, 1.0, 340.21, 120.73]
Estabelecimento
[1.0, 0.0, 0.0, 1.0, 498.89, 120.73]
Tomador
[1.0, 0.0, 0.0, 1.0, 595.98, 120.73]
Forma Prestação Serviço
[1.0, 0.0, 0.0, 1.0, 735.55, 120.73]
Remuneração
[1.0, 0.0, 0.0, 1.0, 54.82, 137.57]
Remunerações
[1.0, 0.0, 0.0, 1.0, 57.54, 105.73]


[1.0, 0.0, 0.0, 1.0, 57.54, 105.73]
09/2012
[1.0, 0.0, 0.0, 1.0, 164.2, 105.73]
60.555.513/0001-90
[1.0, 0.0, 0.0, 1.0, 336.2, 105.73]
60.555.513/0001-90
[1.0, 0.0, 0.0, 1.0, 615.76, 105.73]
Não Cooperado
[1.0, 0.0, 0.0, 1.0, 749.77, 105.73]
202,19
[1.0, 0.0, 0.0, 1.0, 43.12, 426.04]
Relações Previdenciárias
[1.0, 0.0, 0.0, 1.0, 25.0, 44.04]


[1.0, 0.0, 0.0, 1.0, 25.0, 34.73]
O INSS poderá rever a qualquer tempo as informações constantes deste extrato, observados os arts.19 ao 19-F do RPS aprovado pelo Decreto 3.048/99.

[1.0, 0.0, 0.0, 1.0, 25.0, 25.42]
O segurado somente terá reconhecida como tempo de contribuição ao RGPS a competência cujo valor consolidado seja igual ou superior ao salário mínimo, sendo assegurados os ajustes de complementação, utilização

[1.0, 0.0, 0.0, 1.0, 25.0, 25.42]
ou agrupamento, conforme o caso, de acordo com o § 14 do art.195 da CF/1988 e art.29 da EC 103/2019.
[1.0, 0.0, 0.0, 1.0, 279.96, 535.85]
INSS

[1.0, 0.0, 0.0, 1.0, 357.31, 521.88]
CNIS - Cadastro Nacional de Informações Sociais

[1.0, 0.0, 0.0, 1.0, 357.31, 521.88]
Extrato Previdenciário
[1.0, 0.0, 0.0, 1.0, 357.31, 521.88]


[1.0, 0.0, 0.0, 1.0, 748.61, 518.23]
10/03/2023 21:08:54
[1.0, 0.0, 0.0, 1.0, 25.0, 473.72]


[1.0, 0.0, 0.0, 1.0, 25.0, 473.72]
NIT:
[1.0, 0.0, 0.0, 1.0, 55.0, 473.72]
137.29863.19-2
[1.0, 0.0, 0.0, 1.0, 228.0, 473.72]
CPF:
[1.0, 0.0, 0.0, 1.0, 263.0, 473.72]
021.544.643-78
[1.0, 0.0, 0.0, 1.0, 361.0, 473.72]
Nome:
[1.0, 0.0, 0.0, 1.0, 405.0, 473.72]
DENISIO EMANUEL DE SOUSA RODRIGUES
[1.0, 0.0, 0.0, 1.0, 25.0, 458.72]


[1.0, 0.0, 0.0, 1.0, 25.0, 458.72]
Data de nascimento:
[1.0, 0.0, 0.0, 1.0, 150.0, 458.72]
26/07/1986
[1.0, 0.0, 0.0, 1.0, 361.0, 458.72]
Nome da mãe:
[1.0, 0.0, 0.0, 1.0, 455.0, 458.72]
JACQUELINE DE SOUSA RODRIGUES
[1.0, 0.0, 0.0, 1.0, 746.3, 563.23]
Página 3 de
[1.0, 0.0, 0.0, 1.0, 792.0, 563.23]
8
[1.0, 0.0, 0.0, 1.0, 42.63, 491.72]


[1.0, 0.0, 0.0, 1.0, 42.63, 491.72]
Identificação do Filiado
[1.0, 0.0, 0.0, 1.0, 151.82, 394.89]


[1.0, 0.0, 0.0, 1.0, 151.82, 394.89]
Código Emp.
[1.0, 0.0, 0.0, 1.0, 301.0, 394.89]
Origem do Vínculo
[1.0, 0.0, 0.0, 1.0, 582.37, 394.89]
Tipo Filiado no

[1.0, 0.0, 0.0, 1.0, 582.37, 394.89]
Vínculo
[1.0, 0.0, 0.0, 1.0, 649.8, 394.89]
Data Início
[1.0, 0.0, 0.0, 1.0, 704.72, 394.89]
Data Fim
[1.0, 0.0, 0.0, 1.0, 755.4, 394.89]
Últ. Remun.
[1.0, 0.0, 0.0, 1.0, 35.03, 394.89]
Seq.
[1.0, 0.0, 0.0, 1.0, 87.44, 394.89]
NIT
[1.0, 0.0, 0.0, 1.0, 474.56, 394.89]
Matrícula do

[1.0, 0.0, 0.0, 1.0, 474.56, 394.89]
Trabalhador
[1.0, 0.0, 0.0, 1.0, 42.46, 380.73]


[1.0, 0.0, 0.0, 1.0, 42.46, 380.73]
5
[1.0, 0.0, 0.0, 1.0, 238.07, 380.73]
AGRUPAMENTO DE CONTRATANTES/COOPERATIVAS
[1.0, 0.0, 0.0, 1.0, 553.46, 380.73]
Contribuinte Individual
[1.0, 0.0, 0.0, 1.0, 650.96, 380.73]
01/06/2013
[1.0, 0.0, 0.0, 1.0, 701.96, 380.73]
30/06/2013
[1.0, 0.0, 0.0, 1.0, 66.98, 380.73]
137.29863.19-2
[1.0, 0.0, 0.0, 1.0, 39.22, 364.23]


[1.0, 0.0, 0.0, 1.0, 39.22, 364.23]
Indicadores:
[1.0, 0.0, 0.0, 1.0, 96.0, 364.23]
IREM-INDPEND
[1.0, 0.0, 0.0, 1.0, 46.88, 329.73]


[1.0, 0.0, 0.0, 1.0, 46.88, 329.73]
Competência
[1.0, 0.0, 0.0, 1.0, 164.89, 329.73]
Contrat./Cooperat.
[1.0, 0.0, 0.0, 1.0, 340.21, 329.73]
Estabelecimento
[1.0, 0.0, 0.0, 1.0, 498.89, 329.73]
Tomador
[1.0, 0.0, 0.0, 1.0, 595.98, 329.73]
Forma Prestação Serviço
[1.0, 0.0, 0.0, 1.0, 735.55, 329.73]
Remuneração
[1.0, 0.0, 0.0, 1.0, 54.82, 346.57]
Remunerações
[1.0, 0.0, 0.0, 1.0, 57.54, 314.73]


[1.0, 0.0, 0.0, 1.0, 57.54, 314.73]
06/2013
[1.0, 0.0, 0.0, 1.0, 164.2, 314.73]
60.555.513/0001-90
[1.0, 0.0, 0.0, 1.0, 336.2, 314.73]
60.555.513/0001-90
[1.0, 0.0, 0.0, 1.0, 615.76, 314.73]
Não Cooperado
[1.0, 0.0, 0.0, 1.0, 751.99, 314.73]
89,82
[1.0, 0.0, 0.0, 1.0, 151.82, 277.89]


[1.0, 0.0, 0.0, 1.0, 151.82, 277.89]
Código Emp.
[1.0, 0.0, 0.0, 1.0, 301.0, 277.89]
Origem do Vínculo
[1.0, 0.0, 0.0, 1.0, 582.37, 277.89]
Tipo Filiado no

[1.0, 0.0, 0.0, 1.0, 582.37, 277.89]
Vínculo
[1.0, 0.0, 0.0, 1.0, 649.8, 277.89]
Data Início
[1.0, 0.0, 0.0, 1.0, 704.72, 277.89]
Data Fim
[1.0, 0.0, 0.0, 1.0, 755.4, 277.89]
Últ. Remun.
[1.0, 0.0, 0.0, 1.0, 35.03, 277.89]
Seq.
[1.0, 0.0, 0.0, 1.0, 87.44, 277.89]
NIT
[1.0, 0.0, 0.0, 1.0, 474.56, 277.89]
Matrícula do

[1.0, 0.0, 0.0, 1.0, 474.56, 277.89]
Trabalhador
[1.0, 0.0, 0.0, 1.0, 42.46, 263.73]


[1.0, 0.0, 0.0, 1.0, 42.46, 263.73]
6
[1.0, 0.0, 0.0, 1.0, 139.06, 263.73]
13.383.234/0001-07
[1.0, 0.0, 0.0, 1.0, 296.46, 263.73]
C C LINS INFORMATICA
[1.0, 0.0, 0.0, 1.0, 584.66, 257.57]
Empregado ou Agente

[1.0, 0.0, 0.0, 1.0, 584.66, 257.57]
Público
[1.0, 0.0, 0.0, 1.0, 650.96, 263.73]
03/02/2014
[1.0, 0.0, 0.0, 1.0, 701.96, 263.73]
28/09/2014
[1.0, 0.0, 0.0, 1.0, 765.39, 263.73]
09/2014
[1.0, 0.0, 0.0, 1.0, 66.98, 263.73]
137.29863.19-2
[1.0, 0.0, 0.0, 1.0, 42.68, 210.73]


[1.0, 0.0, 0.0, 1.0, 42.68, 210.73]
Competência
[1.0, 0.0, 0.0, 1.0, 131.16, 210.73]
Remuneração
[1.0, 0.0, 0.0, 1.0, 220.7, 210.73]
Indicadores
[1.0, 0.0, 0.0, 1.0, 305.68, 210.73]
Competência
[1.0, 0.0, 0.0, 1.0, 394.16, 210.73]
Remuneração
[1.0, 0.0, 0.0, 1.0, 483.7, 210.73]
Indicadores
[1.0, 0.0, 0.0, 1.0, 566.68, 210.73]
Competência
[1.0, 0.0, 0.0, 1.0, 655.16, 210.73]
Remuneração
[1.0, 0.0, 0.0, 1.0, 746.7, 210.73]
Indicadores
[1.0, 0.0, 0.0, 1.0, 53.77, 227.23]
Remunerações
[1.0, 0.0, 0.0, 1.0, 55.39, 195.73]


[1.0, 0.0, 0.0, 1.0, 55.39, 195.73]
02/2014
[1.0, 0.0, 0.0, 1.0, 148.01, 195.73]
834,60
[1.0, 0.0, 0.0, 1.0, 318.39, 195.73]
03/2014
[1.0, 0.0, 0.0, 1.0, 411.01, 195.73]
963,00
[1.0, 0.0, 0.0, 1.0, 579.39, 195.73]
04/2014
[1.0, 0.0, 0.0, 1.0, 672.01, 195.73]
963,00
[1.0, 0.0, 0.0, 1.0, 55.39, 180.73]


[1.0, 0.0, 0.0, 1.0, 55.39, 180.73]
05/2014
[1.0, 0.0, 0.0, 1.0, 148.01, 180.73]
930,90
[1.0, 0.0, 0.0, 1.0, 318.39, 180.73]
06/2014
[1.0, 0.0, 0.0, 1.0, 407.2, 180.73]
1.046,50
[1.0, 0.0, 0.0, 1.0, 579.39, 180.73]
07/2014
[1.0, 0.0, 0.0, 1.0, 668.2, 180.73]
1.091,00
[1.0, 0.0, 0.0, 1.0, 55.39, 165.73]


[1.0, 0.0, 0.0, 1.0, 55.39, 165.73]
08/2014
[1.0, 0.0, 0.0, 1.0, 144.2, 165.73]
1.091,00
[1.0, 0.0, 0.0, 1.0, 318.39, 165.73]
09/2014
[1.0, 0.0, 0.0, 1.0, 411.01, 165.73]
958,53
[1.0, 0.0, 0.0, 1.0, 151.82, 128.89]


[1.0, 0.0, 0.0, 1.0, 151.82, 128.89]
Código Emp.
[1.0, 0.0, 0.0, 1.0, 301.0, 128.89]
Origem do Vínculo
[1.0, 0.0, 0.0, 1.0, 582.37, 128.89]
Tipo Filiado no

[1.0, 0.0, 0.0, 1.0, 582.37, 128.89]
Vínculo
[1.0, 0.0, 0.0, 1.0, 649.8, 128.89]
Data Início
[1.0, 0.0, 0.0, 1.0, 704.72, 128.89]
Data Fim
[1.0, 0.0, 0.0, 1.0, 755.4, 128.89]
Últ. Remun.
[1.0, 0.0, 0.0, 1.0, 35.03, 128.89]
Seq.
[1.0, 0.0, 0.0, 1.0, 87.44, 128.89]
NIT
[1.0, 0.0, 0.0, 1.0, 474.56, 128.89]
Matrícula do

[1.0, 0.0, 0.0, 1.0, 474.56, 128.89]
Trabalhador
[1.0, 0.0, 0.0, 1.0, 42.46, 114.73]


[1.0, 0.0, 0.0, 1.0, 42.46, 114.73]
7
[1.0, 0.0, 0.0, 1.0, 157.11, 114.73]
65.599.953
[1.0, 0.0, 0.0, 1.0, 296.8, 114.73]
CAPGEMINI BRASIL S/A
[1.0, 0.0, 0.0, 1.0, 584.66, 108.57]
Empregado ou Agente

[1.0, 0.0, 0.0, 1.0, 584.66, 108.57]
Público
[1.0, 0.0, 0.0, 1.0, 650.96, 114.73]
27/10/2014
[1.0, 0.0, 0.0, 1.0, 701.96, 114.73]
02/01/2017
[1.0, 0.0, 0.0, 1.0, 765.39, 114.73]
01/2017
[1.0, 0.0, 0.0, 1.0, 66.98, 114.73]
137.29863.19-2
[1.0, 0.0, 0.0, 1.0, 484.19, 114.73]
1025012
[1.0, 0.0, 0.0, 1.0, 39.22, 98.23]


[1.0, 0.0, 0.0, 1.0, 39.22, 98.23]
Indicadores:
[1.0, 0.0, 0.0, 1.0, 96.0, 98.23]
IREM-INDPEND
[1.0, 0.0, 0.0, 1.0, 43.12, 426.04]
Relações Previdenciárias
[1.0, 0.0, 0.0, 1.0, 25.0, 44.04]


[1.0, 0.0, 0.0, 1.0, 25.0, 34.73]
O INSS poderá rever a qualquer tempo as informações constantes deste extrato, observados os arts.19 ao 19-F do RPS aprovado pelo Decreto 3.048/99.

[1.0, 0.0, 0.0, 1.0, 25.0, 25.42]
O segurado somente terá reconhecida como tempo de contribuição ao RGPS a competência cujo valor consolidado seja igual ou superior ao salário mínimo, sendo assegurados os ajustes de complementação, utilização

[1.0, 0.0, 0.0, 1.0, 25.0, 25.42]
ou agrupamento, conforme o caso, de acordo com o § 14 do art.195 da CF/1988 e art.29 da EC 103/2019.
[1.0, 0.0, 0.0, 1.0, 279.96, 535.85]
INSS

[1.0, 0.0, 0.0, 1.0, 357.31, 521.88]
CNIS - Cadastro Nacional de Informações Sociais

[1.0, 0.0, 0.0, 1.0, 357.31, 521.88]
Extrato Previdenciário
[1.0, 0.0, 0.0, 1.0, 357.31, 521.88]


[1.0, 0.0, 0.0, 1.0, 748.61, 518.23]
10/03/2023 21:08:54
[1.0, 0.0, 0.0, 1.0, 25.0, 473.72]


[1.0, 0.0, 0.0, 1.0, 25.0, 473.72]
NIT:
[1.0, 0.0, 0.0, 1.0, 55.0, 473.72]
137.29863.19-2
[1.0, 0.0, 0.0, 1.0, 228.0, 473.72]
CPF:
[1.0, 0.0, 0.0, 1.0, 263.0, 473.72]
021.544.643-78
[1.0, 0.0, 0.0, 1.0, 361.0, 473.72]
Nome:
[1.0, 0.0, 0.0, 1.0, 405.0, 473.72]
DENISIO EMANUEL DE SOUSA RODRIGUES
[1.0, 0.0, 0.0, 1.0, 25.0, 458.72]


[1.0, 0.0, 0.0, 1.0, 25.0, 458.72]
Data de nascimento:
[1.0, 0.0, 0.0, 1.0, 150.0, 458.72]
26/07/1986
[1.0, 0.0, 0.0, 1.0, 361.0, 458.72]
Nome da mãe:
[1.0, 0.0, 0.0, 1.0, 455.0, 458.72]
JACQUELINE DE SOUSA RODRIGUES
[1.0, 0.0, 0.0, 1.0, 746.3, 563.23]
Página 4 de
[1.0, 0.0, 0.0, 1.0, 792.0, 563.23]
8
[1.0, 0.0, 0.0, 1.0, 42.63, 491.72]


[1.0, 0.0, 0.0, 1.0, 42.63, 491.72]
Identificação do Filiado
[1.0, 0.0, 0.0, 1.0, 42.68, 385.73]


[1.0, 0.0, 0.0, 1.0, 42.68, 385.73]
Competência
[1.0, 0.0, 0.0, 1.0, 131.16, 385.73]
Remuneração
[1.0, 0.0, 0.0, 1.0, 220.7, 385.73]
Indicadores
[1.0, 0.0, 0.0, 1.0, 305.68, 385.73]
Competência
[1.0, 0.0, 0.0, 1.0, 394.16, 385.73]
Remuneração
[1.0, 0.0, 0.0, 1.0, 483.7, 385.73]
Indicadores
[1.0, 0.0, 0.0, 1.0, 566.68, 385.73]
Competência
[1.0, 0.0, 0.0, 1.0, 655.16, 385.73]
Remuneração
[1.0, 0.0, 0.0, 1.0, 746.7, 385.73]
Indicadores
[1.0, 0.0, 0.0, 1.0, 53.77, 402.23]
Remunerações
[1.0, 0.0, 0.0, 1.0, 55.39, 370.73]


[1.0, 0.0, 0.0, 1.0, 55.39, 370.73]
10/2014
[1.0, 0.0, 0.0, 1.0, 148.01, 370.73]
226,67
[1.0, 0.0, 0.0, 1.0, 318.39, 370.73]
11/2014
[1.0, 0.0, 0.0, 1.0, 407.2, 370.73]
1.700,00
[1.0, 0.0, 0.0, 1.0, 579.39, 370.73]
12/2014
[1.0, 0.0, 0.0, 1.0, 668.2, 370.73]
1.700,00
[1.0, 0.0, 0.0, 1.0, 55.39, 355.73]


[1.0, 0.0, 0.0, 1.0, 55.39, 355.73]
01/2015
[1.0, 0.0, 0.0, 1.0, 144.2, 355.73]
1.700,00
[1.0, 0.0, 0.0, 1.0, 318.39, 355.73]
02/2015
[1.0, 0.0, 0.0, 1.0, 407.2, 355.73]
1.700,00
[1.0, 0.0, 0.0, 1.0, 579.39, 355.73]
03/2015
[1.0, 0.0, 0.0, 1.0, 668.2, 355.73]
1.700,00
[1.0, 0.0, 0.0, 1.0, 55.39, 340.73]


[1.0, 0.0, 0.0, 1.0, 55.39, 340.73]
04/2015
[1.0, 0.0, 0.0, 1.0, 144.2, 340.73]
1.700,00
[1.0, 0.0, 0.0, 1.0, 318.39, 340.73]
05/2015
[1.0, 0.0, 0.0, 1.0, 407.2, 340.73]
2.295,00
[1.0, 0.0, 0.0, 1.0, 579.39, 340.73]
06/2015
[1.0, 0.0, 0.0, 1.0, 668.2, 340.73]
1.819,00
[1.0, 0.0, 0.0, 1.0, 55.39, 325.73]


[1.0, 0.0, 0.0, 1.0, 55.39, 325.73]
07/2015
[1.0, 0.0, 0.0, 1.0, 144.2, 325.73]
1.819,00
[1.0, 0.0, 0.0, 1.0, 318.39, 325.73]
08/2015
[1.0, 0.0, 0.0, 1.0, 407.2, 325.73]
1.819,00
[1.0, 0.0, 0.0, 1.0, 579.39, 325.73]
09/2015
[1.0, 0.0, 0.0, 1.0, 668.2, 325.73]
1.819,00
[1.0, 0.0, 0.0, 1.0, 55.39, 310.73]


[1.0, 0.0, 0.0, 1.0, 55.39, 310.73]
10/2015
[1.0, 0.0, 0.0, 1.0, 144.2, 310.73]
1.819,00
[1.0, 0.0, 0.0, 1.0, 318.39, 310.73]
11/2015
[1.0, 0.0, 0.0, 1.0, 407.2, 310.73]
1.819,00
[1.0, 0.0, 0.0, 1.0, 579.39, 310.73]
12/2015
[1.0, 0.0, 0.0, 1.0, 668.2, 310.73]
1.907,74
[1.0, 0.0, 0.0, 1.0, 55.39, 295.73]


[1.0, 0.0, 0.0, 1.0, 55.39, 295.73]
01/2016
[1.0, 0.0, 0.0, 1.0, 144.2, 295.73]
1.819,00
[1.0, 0.0, 0.0, 1.0, 318.39, 295.73]
02/2016
[1.0, 0.0, 0.0, 1.0, 407.2, 295.73]
1.819,00
[1.0, 0.0, 0.0, 1.0, 579.39, 295.73]
03/2016
[1.0, 0.0, 0.0, 1.0, 668.2, 295.73]
1.819,00
[1.0, 0.0, 0.0, 1.0, 55.39, 280.73]


[1.0, 0.0, 0.0, 1.0, 55.39, 280.73]
03/2016
[1.0, 0.0, 0.0, 1.0, 148.01, 280.73]
615,54
[1.0, 0.0, 0.0, 1.0, 227.03, 280.73]
IREM-ACD
[1.0, 0.0, 0.0, 1.0, 318.39, 280.73]
04/2016
[1.0, 0.0, 0.0, 1.0, 407.2, 280.73]
2.024,18
[1.0, 0.0, 0.0, 1.0, 579.39, 280.73]
05/2016
[1.0, 0.0, 0.0, 1.0, 668.2, 280.73]
2.161,08
[1.0, 0.0, 0.0, 1.0, 55.39, 265.73]


[1.0, 0.0, 0.0, 1.0, 55.39, 265.73]
06/2016
[1.0, 0.0, 0.0, 1.0, 144.2, 265.73]
2.024,18
[1.0, 0.0, 0.0, 1.0, 318.39, 265.73]
07/2016
[1.0, 0.0, 0.0, 1.0, 407.2, 265.73]
2.473,97
[1.0, 0.0, 0.0, 1.0, 579.39, 265.73]
08/2016
[1.0, 0.0, 0.0, 1.0, 668.2, 265.73]
2.024,18
[1.0, 0.0, 0.0, 1.0, 55.39, 250.73]


[1.0, 0.0, 0.0, 1.0, 55.39, 250.73]
09/2016
[1.0, 0.0, 0.0, 1.0, 144.2, 250.73]
2.249,12
[1.0, 0.0, 0.0, 1.0, 318.39, 250.73]
10/2016
[1.0, 0.0, 0.0, 1.0, 407.2, 250.73]
2.024,18
[1.0, 0.0, 0.0, 1.0, 579.39, 250.73]
11/2016
[1.0, 0.0, 0.0, 1.0, 668.2, 250.73]
2.024,18
[1.0, 0.0, 0.0, 1.0, 55.39, 235.73]


[1.0, 0.0, 0.0, 1.0, 55.39, 235.73]
12/2016
[1.0, 0.0, 0.0, 1.0, 144.2, 235.73]
2.024,18
[1.0, 0.0, 0.0, 1.0, 55.39, 220.73]


[1.0, 0.0, 0.0, 1.0, 55.39, 220.73]
01/2017
[1.0, 0.0, 0.0, 1.0, 148.01, 220.73]
134,98
[1.0, 0.0, 0.0, 1.0, 318.39, 220.73]
01/2017
[1.0, 0.0, 0.0, 1.0, 416.1, 220.73]
8,88
[1.0, 0.0, 0.0, 1.0, 490.03, 220.73]
IREM-ACD
[1.0, 0.0, 0.0, 1.0, 151.82, 183.89]


[1.0, 0.0, 0.0, 1.0, 151.82, 183.89]
Código Emp.
[1.0, 0.0, 0.0, 1.0, 301.0, 183.89]
Origem do Vínculo
[1.0, 0.0, 0.0, 1.0, 582.37, 183.89]
Tipo Filiado no

[1.0, 0.0, 0.0, 1.0, 582.37, 183.89]
Vínculo
[1.0, 0.0, 0.0, 1.0, 649.8, 183.89]
Data Início
[1.0, 0.0, 0.0, 1.0, 704.72, 183.89]
Data Fim
[1.0, 0.0, 0.0, 1.0, 755.4, 183.89]
Últ. Remun.
[1.0, 0.0, 0.0, 1.0, 35.03, 183.89]
Seq.
[1.0, 0.0, 0.0, 1.0, 87.44, 183.89]
NIT
[1.0, 0.0, 0.0, 1.0, 474.56, 183.89]
Matrícula do

[1.0, 0.0, 0.0, 1.0, 474.56, 183.89]
Trabalhador
[1.0, 0.0, 0.0, 1.0, 42.46, 169.73]


[1.0, 0.0, 0.0, 1.0, 42.46, 169.73]
8
[1.0, 0.0, 0.0, 1.0, 157.11, 169.73]
26.598.143
[1.0, 0.0, 0.0, 1.0, 302.23, 163.57]
SISTEMAS COMERCIALES DE BRASIL TECNOLOGIA DA

[1.0, 0.0, 0.0, 1.0, 302.23, 163.57]
INFORMACAO LTDA.
[1.0, 0.0, 0.0, 1.0, 584.66, 163.57]
Empregado ou Agente

[1.0, 0.0, 0.0, 1.0, 584.66, 163.57]
Público
[1.0, 0.0, 0.0, 1.0, 650.96, 169.73]
02/01/2017
[1.0, 0.0, 0.0, 1.0, 701.96, 169.73]
05/10/2018
[1.0, 0.0, 0.0, 1.0, 765.39, 169.73]
10/2018
[1.0, 0.0, 0.0, 1.0, 66.98, 169.73]
137.29863.19-2
[1.0, 0.0, 0.0, 1.0, 499.46, 163.57]
265981430001300000

[1.0, 0.0, 0.0, 1.0, 499.46, 163.57]
4
[1.0, 0.0, 0.0, 1.0, 39.22, 153.23]


[1.0, 0.0, 0.0, 1.0, 39.22, 153.23]
Indicadores:
[1.0, 0.0, 0.0, 1.0, 96.0, 153.23]
IVIN-JORN-DIFERENCIADA, IREM-INDPEND
[1.0, 0.0, 0.0, 1.0, 42.68, 116.73]


[1.0, 0.0, 0.0, 1.0, 42.68, 116.73]
Competência
[1.0, 0.0, 0.0, 1.0, 131.16, 116.73]
Remuneração
[1.0, 0.0, 0.0, 1.0, 220.7, 116.73]
Indicadores
[1.0, 0.0, 0.0, 1.0, 305.68, 116.73]
Competência
[1.0, 0.0, 0.0, 1.0, 394.16, 116.73]
Remuneração
[1.0, 0.0, 0.0, 1.0, 483.7, 116.73]
Indicadores
[1.0, 0.0, 0.0, 1.0, 566.68, 116.73]
Competência
[1.0, 0.0, 0.0, 1.0, 655.16, 116.73]
Remuneração
[1.0, 0.0, 0.0, 1.0, 746.7, 116.73]
Indicadores
[1.0, 0.0, 0.0, 1.0, 53.77, 133.23]
Remunerações
[1.0, 0.0, 0.0, 1.0, 55.39, 101.73]


[1.0, 0.0, 0.0, 1.0, 55.39, 101.73]
01/2017
[1.0, 0.0, 0.0, 1.0, 144.2, 101.73]
3.600,00
[1.0, 0.0, 0.0, 1.0, 318.39, 101.73]
02/2017
[1.0, 0.0, 0.0, 1.0, 407.2, 101.73]
3.600,00
[1.0, 0.0, 0.0, 1.0, 579.39, 101.73]
03/2017
[1.0, 0.0, 0.0, 1.0, 668.2, 101.73]
3.600,00
[1.0, 0.0, 0.0, 1.0, 55.39, 86.73]


[1.0, 0.0, 0.0, 1.0, 55.39, 86.73]
04/2017
[1.0, 0.0, 0.0, 1.0, 144.2, 86.73]
3.600,00
[1.0, 0.0, 0.0, 1.0, 318.39, 86.73]
05/2017
[1.0, 0.0, 0.0, 1.0, 407.2, 86.73]
3.600,00
[1.0, 0.0, 0.0, 1.0, 579.39, 86.73]
06/2017
[1.0, 0.0, 0.0, 1.0, 668.2, 86.73]
3.600,00
[1.0, 0.0, 0.0, 1.0, 43.12, 426.04]
Relações Previdenciárias
[1.0, 0.0, 0.0, 1.0, 25.0, 44.04]


[1.0, 0.0, 0.0, 1.0, 25.0, 34.73]
O INSS poderá rever a qualquer tempo as informações constantes deste extrato, observados os arts.19 ao 19-F do RPS aprovado pelo Decreto 3.048/99.

[1.0, 0.0, 0.0, 1.0, 25.0, 25.42]
O segurado somente terá reconhecida como tempo de contribuição ao RGPS a competência cujo valor consolidado seja igual ou superior ao salário mínimo, sendo assegurados os ajustes de complementação, utilização

[1.0, 0.0, 0.0, 1.0, 25.0, 25.42]
ou agrupamento, conforme o caso, de acordo com o § 14 do art.195 da CF/1988 e art.29 da EC 103/2019.
[1.0, 0.0, 0.0, 1.0, 279.96, 535.85]
INSS

[1.0, 0.0, 0.0, 1.0, 357.31, 521.88]
CNIS - Cadastro Nacional de Informações Sociais

[1.0, 0.0, 0.0, 1.0, 357.31, 521.88]
Extrato Previdenciário
[1.0, 0.0, 0.0, 1.0, 357.31, 521.88]


[1.0, 0.0, 0.0, 1.0, 748.61, 518.23]
10/03/2023 21:08:54
[1.0, 0.0, 0.0, 1.0, 25.0, 473.72]


[1.0, 0.0, 0.0, 1.0, 25.0, 473.72]
NIT:
[1.0, 0.0, 0.0, 1.0, 55.0, 473.72]
137.29863.19-2
[1.0, 0.0, 0.0, 1.0, 228.0, 473.72]
CPF:
[1.0, 0.0, 0.0, 1.0, 263.0, 473.72]
021.544.643-78
[1.0, 0.0, 0.0, 1.0, 361.0, 473.72]
Nome:
[1.0, 0.0, 0.0, 1.0, 405.0, 473.72]
DENISIO EMANUEL DE SOUSA RODRIGUES
[1.0, 0.0, 0.0, 1.0, 25.0, 458.72]


[1.0, 0.0, 0.0, 1.0, 25.0, 458.72]
Data de nascimento:
[1.0, 0.0, 0.0, 1.0, 150.0, 458.72]
26/07/1986
[1.0, 0.0, 0.0, 1.0, 361.0, 458.72]
Nome da mãe:
[1.0, 0.0, 0.0, 1.0, 455.0, 458.72]
JACQUELINE DE SOUSA RODRIGUES
[1.0, 0.0, 0.0, 1.0, 746.3, 563.23]
Página 5 de
[1.0, 0.0, 0.0, 1.0, 792.0, 563.23]
8
[1.0, 0.0, 0.0, 1.0, 42.63, 491.72]


[1.0, 0.0, 0.0, 1.0, 42.63, 491.72]
Identificação do Filiado
[1.0, 0.0, 0.0, 1.0, 55.39, 404.73]


[1.0, 0.0, 0.0, 1.0, 55.39, 404.73]
07/2017
[1.0, 0.0, 0.0, 1.0, 144.2, 404.73]
3.600,00
[1.0, 0.0, 0.0, 1.0, 318.39, 404.73]
08/2017
[1.0, 0.0, 0.0, 1.0, 407.2, 404.73]
3.600,00
[1.0, 0.0, 0.0, 1.0, 579.39, 404.73]
09/2017
[1.0, 0.0, 0.0, 1.0, 668.2, 404.73]
3.600,00
[1.0, 0.0, 0.0, 1.0, 55.39, 389.73]


[1.0, 0.0, 0.0, 1.0, 55.39, 389.73]
10/2017
[1.0, 0.0, 0.0, 1.0, 144.2, 389.73]
3.632,00
[1.0, 0.0, 0.0, 1.0, 318.39, 389.73]
11/2017
[1.0, 0.0, 0.0, 1.0, 407.2, 389.73]
3.616,00
[1.0, 0.0, 0.0, 1.0, 579.39, 389.73]
12/2017
[1.0, 0.0, 0.0, 1.0, 668.2, 389.73]
3.616,00
[1.0, 0.0, 0.0, 1.0, 55.39, 374.73]


[1.0, 0.0, 0.0, 1.0, 55.39, 374.73]
01/2018
[1.0, 0.0, 0.0, 1.0, 144.2, 374.73]
3.616,00
[1.0, 0.0, 0.0, 1.0, 318.39, 374.73]
02/2018
[1.0, 0.0, 0.0, 1.0, 407.2, 374.73]
3.616,00
[1.0, 0.0, 0.0, 1.0, 579.39, 374.73]
03/2018
[1.0, 0.0, 0.0, 1.0, 668.2, 374.73]
3.977,60
[1.0, 0.0, 0.0, 1.0, 55.39, 359.73]


[1.0, 0.0, 0.0, 1.0, 55.39, 359.73]
04/2018
[1.0, 0.0, 0.0, 1.0, 144.2, 359.73]
4.178,49
[1.0, 0.0, 0.0, 1.0, 318.39, 359.73]
05/2018
[1.0, 0.0, 0.0, 1.0, 407.2, 359.73]
4.333,41
[1.0, 0.0, 0.0, 1.0, 579.39, 359.73]
06/2018
[1.0, 0.0, 0.0, 1.0, 668.2, 359.73]
5.326,65
[1.0, 0.0, 0.0, 1.0, 55.39, 344.73]


[1.0, 0.0, 0.0, 1.0, 55.39, 344.73]
07/2018
[1.0, 0.0, 0.0, 1.0, 144.2, 344.73]
4.392,05
[1.0, 0.0, 0.0, 1.0, 318.39, 344.73]
08/2018
[1.0, 0.0, 0.0, 1.0, 407.2, 344.73]
5.162,51
[1.0, 0.0, 0.0, 1.0, 579.39, 344.73]
09/2018
[1.0, 0.0, 0.0, 1.0, 668.2, 344.73]
4.644,30
[1.0, 0.0, 0.0, 1.0, 55.39, 329.73]


[1.0, 0.0, 0.0, 1.0, 55.39, 329.73]
09/2018
[1.0, 0.0, 0.0, 1.0, 150.56, 329.73]
33,74
[1.0, 0.0, 0.0, 1.0, 227.03, 329.73]
IREM-ACD
[1.0, 0.0, 0.0, 1.0, 318.39, 329.73]
10/2018
[1.0, 0.0, 0.0, 1.0, 407.2, 329.73]
1.415,83
[1.0, 0.0, 0.0, 1.0, 579.39, 329.73]
10/2018
[1.0, 0.0, 0.0, 1.0, 674.56, 329.73]
33,74
[1.0, 0.0, 0.0, 1.0, 751.03, 329.73]
IREM-ACD
[1.0, 0.0, 0.0, 1.0, 151.82, 292.89]


[1.0, 0.0, 0.0, 1.0, 151.82, 292.89]
Código Emp.
[1.0, 0.0, 0.0, 1.0, 301.0, 292.89]
Origem do Vínculo
[1.0, 0.0, 0.0, 1.0, 582.37, 292.89]
Tipo Filiado no

[1.0, 0.0, 0.0, 1.0, 582.37, 292.89]
Vínculo
[1.0, 0.0, 0.0, 1.0, 649.8, 292.89]
Data Início
[1.0, 0.0, 0.0, 1.0, 704.72, 292.89]
Data Fim
[1.0, 0.0, 0.0, 1.0, 755.4, 292.89]
Últ. Remun.
[1.0, 0.0, 0.0, 1.0, 35.03, 292.89]
Seq.
[1.0, 0.0, 0.0, 1.0, 87.44, 292.89]
NIT
[1.0, 0.0, 0.0, 1.0, 474.56, 292.89]
Matrícula do

[1.0, 0.0, 0.0, 1.0, 474.56, 292.89]
Trabalhador
[1.0, 0.0, 0.0, 1.0, 42.46, 278.73]


[1.0, 0.0, 0.0, 1.0, 42.46, 278.73]
9
[1.0, 0.0, 0.0, 1.0, 157.11, 278.73]
65.599.953
[1.0, 0.0, 0.0, 1.0, 296.8, 278.73]
CAPGEMINI BRASIL S/A
[1.0, 0.0, 0.0, 1.0, 584.66, 272.57]
Empregado ou Agente

[1.0, 0.0, 0.0, 1.0, 584.66, 272.57]
Público
[1.0, 0.0, 0.0, 1.0, 650.96, 278.73]
08/10/2018
[1.0, 0.0, 0.0, 1.0, 701.96, 278.73]
17/04/2020
[1.0, 0.0, 0.0, 1.0, 765.39, 278.73]
04/2020
[1.0, 0.0, 0.0, 1.0, 66.98, 278.73]
137.29863.19-2
[1.0, 0.0, 0.0, 1.0, 484.19, 278.73]
1031379
[1.0, 0.0, 0.0, 1.0, 39.22, 262.23]


[1.0, 0.0, 0.0, 1.0, 39.22, 262.23]
Indicadores:
[1.0, 0.0, 0.0, 1.0, 96.0, 262.23]
IVIN-JORN-DIFERENCIADA
[1.0, 0.0, 0.0, 1.0, 42.68, 225.73]


[1.0, 0.0, 0.0, 1.0, 42.68, 225.73]
Competência
[1.0, 0.0, 0.0, 1.0, 131.16, 225.73]
Remuneração
[1.0, 0.0, 0.0, 1.0, 220.7, 225.73]
Indicadores
[1.0, 0.0, 0.0, 1.0, 305.68, 225.73]
Competência
[1.0, 0.0, 0.0, 1.0, 394.16, 225.73]
Remuneração
[1.0, 0.0, 0.0, 1.0, 483.7, 225.73]
Indicadores
[1.0, 0.0, 0.0, 1.0, 566.68, 225.73]
Competência
[1.0, 0.0, 0.0, 1.0, 655.16, 225.73]
Remuneração
[1.0, 0.0, 0.0, 1.0, 746.7, 225.73]
Indicadores
[1.0, 0.0, 0.0, 1.0, 53.77, 242.23]
Remunerações
[1.0, 0.0, 0.0, 1.0, 55.39, 210.73]


[1.0, 0.0, 0.0, 1.0, 55.39, 210.73]
10/2018
[1.0, 0.0, 0.0, 1.0, 144.2, 210.73]
3.449,93
[1.0, 0.0, 0.0, 1.0, 318.39, 210.73]
11/2018
[1.0, 0.0, 0.0, 1.0, 407.2, 210.73]
4.500,00
[1.0, 0.0, 0.0, 1.0, 579.39, 210.73]
12/2018
[1.0, 0.0, 0.0, 1.0, 668.2, 210.73]
4.500,00
[1.0, 0.0, 0.0, 1.0, 55.39, 195.73]


[1.0, 0.0, 0.0, 1.0, 55.39, 195.73]
01/2019
[1.0, 0.0, 0.0, 1.0, 144.2, 195.73]
5.884,01
[1.0, 0.0, 0.0, 1.0, 318.39, 195.73]
02/2019
[1.0, 0.0, 0.0, 1.0, 407.2, 195.73]
4.500,00
[1.0, 0.0, 0.0, 1.0, 579.39, 195.73]
03/2019
[1.0, 0.0, 0.0, 1.0, 668.2, 195.73]
4.500,00
[1.0, 0.0, 0.0, 1.0, 55.39, 180.73]


[1.0, 0.0, 0.0, 1.0, 55.39, 180.73]
04/2019
[1.0, 0.0, 0.0, 1.0, 144.2, 180.73]
4.500,00
[1.0, 0.0, 0.0, 1.0, 318.39, 180.73]
05/2019
[1.0, 0.0, 0.0, 1.0, 407.2, 180.73]
5.451,30
[1.0, 0.0, 0.0, 1.0, 579.39, 180.73]
06/2019
[1.0, 0.0, 0.0, 1.0, 668.2, 180.73]
4.728,15
[1.0, 0.0, 0.0, 1.0, 55.39, 165.73]


[1.0, 0.0, 0.0, 1.0, 55.39, 165.73]
07/2019
[1.0, 0.0, 0.0, 1.0, 144.2, 165.73]
4.728,15
[1.0, 0.0, 0.0, 1.0, 318.39, 165.73]
08/2019
[1.0, 0.0, 0.0, 1.0, 407.2, 165.73]
4.734,33
[1.0, 0.0, 0.0, 1.0, 579.39, 165.73]
09/2019
[1.0, 0.0, 0.0, 1.0, 665.66, 165.73]
10.246,91
[1.0, 0.0, 0.0, 1.0, 55.39, 150.73]


[1.0, 0.0, 0.0, 1.0, 55.39, 150.73]
10/2019
[1.0, 0.0, 0.0, 1.0, 144.2, 150.73]
4.728,15
[1.0, 0.0, 0.0, 1.0, 318.39, 150.73]
11/2019
[1.0, 0.0, 0.0, 1.0, 407.2, 150.73]
6.378,81
[1.0, 0.0, 0.0, 1.0, 579.39, 150.73]
12/2019
[1.0, 0.0, 0.0, 1.0, 668.2, 150.73]
5.415,04
[1.0, 0.0, 0.0, 1.0, 55.39, 135.73]


[1.0, 0.0, 0.0, 1.0, 55.39, 135.73]
01/2020
[1.0, 0.0, 0.0, 1.0, 141.66, 135.73]
12.038,06
[1.0, 0.0, 0.0, 1.0, 318.39, 135.73]
02/2020
[1.0, 0.0, 0.0, 1.0, 407.2, 135.73]
4.728,15
[1.0, 0.0, 0.0, 1.0, 579.39, 135.73]
03/2020
[1.0, 0.0, 0.0, 1.0, 668.2, 135.73]
4.728,15
[1.0, 0.0, 0.0, 1.0, 55.39, 120.73]


[1.0, 0.0, 0.0, 1.0, 55.39, 120.73]
04/2020
[1.0, 0.0, 0.0, 1.0, 144.2, 120.73]
2.994,57
[1.0, 0.0, 0.0, 1.0, 43.12, 426.04]
Relações Previdenciárias
[1.0, 0.0, 0.0, 1.0, 25.0, 44.04]


[1.0, 0.0, 0.0, 1.0, 25.0, 34.73]
O INSS poderá rever a qualquer tempo as informações constantes deste extrato, observados os arts.19 ao 19-F do RPS aprovado pelo Decreto 3.048/99.

[1.0, 0.0, 0.0, 1.0, 25.0, 25.42]
O segurado somente terá reconhecida como tempo de contribuição ao RGPS a competência cujo valor consolidado seja igual ou superior ao salário mínimo, sendo assegurados os ajustes de complementação, utilização

[1.0, 0.0, 0.0, 1.0, 25.0, 25.42]
ou agrupamento, conforme o caso, de acordo com o § 14 do art.195 da CF/1988 e art.29 da EC 103/2019.
[1.0, 0.0, 0.0, 1.0, 279.96, 535.85]
INSS

[1.0, 0.0, 0.0, 1.0, 357.31, 521.88]
CNIS - Cadastro Nacional de Informações Sociais

[1.0, 0.0, 0.0, 1.0, 357.31, 521.88]
Extrato Previdenciário
[1.0, 0.0, 0.0, 1.0, 357.31, 521.88]


[1.0, 0.0, 0.0, 1.0, 748.61, 518.23]
10/03/2023 21:08:54
[1.0, 0.0, 0.0, 1.0, 25.0, 473.72]


[1.0, 0.0, 0.0, 1.0, 25.0, 473.72]
NIT:
[1.0, 0.0, 0.0, 1.0, 55.0, 473.72]
137.29863.19-2
[1.0, 0.0, 0.0, 1.0, 228.0, 473.72]
CPF:
[1.0, 0.0, 0.0, 1.0, 263.0, 473.72]
021.544.643-78
[1.0, 0.0, 0.0, 1.0, 361.0, 473.72]
Nome:
[1.0, 0.0, 0.0, 1.0, 405.0, 473.72]
DENISIO EMANUEL DE SOUSA RODRIGUES
[1.0, 0.0, 0.0, 1.0, 25.0, 458.72]


[1.0, 0.0, 0.0, 1.0, 25.0, 458.72]
Data de nascimento:
[1.0, 0.0, 0.0, 1.0, 150.0, 458.72]
26/07/1986
[1.0, 0.0, 0.0, 1.0, 361.0, 458.72]
Nome da mãe:
[1.0, 0.0, 0.0, 1.0, 455.0, 458.72]
JACQUELINE DE SOUSA RODRIGUES
[1.0, 0.0, 0.0, 1.0, 746.3, 563.23]
Página 6 de
[1.0, 0.0, 0.0, 1.0, 792.0, 563.23]
8
[1.0, 0.0, 0.0, 1.0, 42.63, 491.72]


[1.0, 0.0, 0.0, 1.0, 42.63, 491.72]
Identificação do Filiado
[1.0, 0.0, 0.0, 1.0, 151.82, 394.89]


[1.0, 0.0, 0.0, 1.0, 151.82, 394.89]
Código Emp.
[1.0, 0.0, 0.0, 1.0, 301.0, 394.89]
Origem do Vínculo
[1.0, 0.0, 0.0, 1.0, 582.37, 394.89]
Tipo Filiado no

[1.0, 0.0, 0.0, 1.0, 582.37, 394.89]
Vínculo
[1.0, 0.0, 0.0, 1.0, 649.8, 394.89]
Data Início
[1.0, 0.0, 0.0, 1.0, 704.72, 394.89]
Data Fim
[1.0, 0.0, 0.0, 1.0, 755.4, 394.89]
Últ. Remun.
[1.0, 0.0, 0.0, 1.0, 35.03, 394.89]
Seq.
[1.0, 0.0, 0.0, 1.0, 87.44, 394.89]
NIT
[1.0, 0.0, 0.0, 1.0, 474.56, 394.89]
Matrícula do

[1.0, 0.0, 0.0, 1.0, 474.56, 394.89]
Trabalhador
[1.0, 0.0, 0.0, 1.0, 39.91, 380.73]


[1.0, 0.0, 0.0, 1.0, 39.91, 380.73]
10
[1.0, 0.0, 0.0, 1.0, 157.11, 380.73]
25.190.432
[1.0, 0.0, 0.0, 1.0, 237.33, 380.73]
SERVICOS DE INFORMATICA - LYNX DO BRASIL LTDA
[1.0, 0.0, 0.0, 1.0, 584.66, 374.57]
Empregado ou Agente

[1.0, 0.0, 0.0, 1.0, 584.66, 374.57]
Público
[1.0, 0.0, 0.0, 1.0, 650.96, 380.73]
20/04/2020
[1.0, 0.0, 0.0, 1.0, 701.96, 380.73]
17/03/2021
[1.0, 0.0, 0.0, 1.0, 765.39, 380.73]
03/2021
[1.0, 0.0, 0.0, 1.0, 66.98, 380.73]
137.29863.19-2
[1.0, 0.0, 0.0, 1.0, 471.47, 374.57]
SESERVDEIN00000000

[1.0, 0.0, 0.0, 1.0, 471.47, 374.57]
000000000024
[1.0, 0.0, 0.0, 1.0, 39.22, 364.23]


[1.0, 0.0, 0.0, 1.0, 39.22, 364.23]
Indicadores:
[1.0, 0.0, 0.0, 1.0, 96.0, 364.23]
IVIN-JORN-DIFERENCIADA
[1.0, 0.0, 0.0, 1.0, 42.68, 327.73]


[1.0, 0.0, 0.0, 1.0, 42.68, 327.73]
Competência
[1.0, 0.0, 0.0, 1.0, 131.16, 327.73]
Remuneração
[1.0, 0.0, 0.0, 1.0, 220.7, 327.73]
Indicadores
[1.0, 0.0, 0.0, 1.0, 305.68, 327.73]
Competência
[1.0, 0.0, 0.0, 1.0, 394.16, 327.73]
Remuneração
[1.0, 0.0, 0.0, 1.0, 483.7, 327.73]
Indicadores
[1.0, 0.0, 0.0, 1.0, 566.68, 327.73]
Competência
[1.0, 0.0, 0.0, 1.0, 655.16, 327.73]
Remuneração
[1.0, 0.0, 0.0, 1.0, 746.7, 327.73]
Indicadores
[1.0, 0.0, 0.0, 1.0, 53.77, 344.23]
Remunerações
[1.0, 0.0, 0.0, 1.0, 55.39, 312.73]


[1.0, 0.0, 0.0, 1.0, 55.39, 312.73]
04/2020
[1.0, 0.0, 0.0, 1.0, 144.2, 312.73]
2.016,67
[1.0, 0.0, 0.0, 1.0, 318.39, 312.73]
05/2020
[1.0, 0.0, 0.0, 1.0, 407.2, 312.73]
5.500,00
[1.0, 0.0, 0.0, 1.0, 579.39, 312.73]
06/2020
[1.0, 0.0, 0.0, 1.0, 668.2, 312.73]
5.500,00
[1.0, 0.0, 0.0, 1.0, 55.39, 297.73]


[1.0, 0.0, 0.0, 1.0, 55.39, 297.73]
07/2020
[1.0, 0.0, 0.0, 1.0, 144.2, 297.73]
5.642,79
[1.0, 0.0, 0.0, 1.0, 318.39, 297.73]
08/2020
[1.0, 0.0, 0.0, 1.0, 407.2, 297.73]
5.747,50
[1.0, 0.0, 0.0, 1.0, 579.39, 297.73]
09/2020
[1.0, 0.0, 0.0, 1.0, 668.2, 297.73]
5.500,00
[1.0, 0.0, 0.0, 1.0, 55.39, 282.73]


[1.0, 0.0, 0.0, 1.0, 55.39, 282.73]
10/2020
[1.0, 0.0, 0.0, 1.0, 144.2, 282.73]
5.500,00
[1.0, 0.0, 0.0, 1.0, 318.39, 282.73]
11/2020
[1.0, 0.0, 0.0, 1.0, 407.2, 282.73]
5.500,00
[1.0, 0.0, 0.0, 1.0, 579.39, 282.73]
12/2020
[1.0, 0.0, 0.0, 1.0, 668.2, 282.73]
5.500,00
[1.0, 0.0, 0.0, 1.0, 55.39, 267.73]


[1.0, 0.0, 0.0, 1.0, 55.39, 267.73]
01/2021
[1.0, 0.0, 0.0, 1.0, 144.2, 267.73]
5.500,00
[1.0, 0.0, 0.0, 1.0, 318.39, 267.73]
02/2021
[1.0, 0.0, 0.0, 1.0, 407.2, 267.73]
5.500,00
[1.0, 0.0, 0.0, 1.0, 579.39, 267.73]
03/2021
[1.0, 0.0, 0.0, 1.0, 668.2, 267.73]
3.116,67
[1.0, 0.0, 0.0, 1.0, 151.82, 230.89]


[1.0, 0.0, 0.0, 1.0, 151.82, 230.89]
Código Emp.
[1.0, 0.0, 0.0, 1.0, 301.0, 230.89]
Origem do Vínculo
[1.0, 0.0, 0.0, 1.0, 582.37, 230.89]
Tipo Filiado no

[1.0, 0.0, 0.0, 1.0, 582.37, 230.89]
Vínculo
[1.0, 0.0, 0.0, 1.0, 649.8, 230.89]
Data Início
[1.0, 0.0, 0.0, 1.0, 704.72, 230.89]
Data Fim
[1.0, 0.0, 0.0, 1.0, 755.4, 230.89]
Últ. Remun.
[1.0, 0.0, 0.0, 1.0, 35.03, 230.89]
Seq.
[1.0, 0.0, 0.0, 1.0, 87.44, 230.89]
NIT
[1.0, 0.0, 0.0, 1.0, 474.56, 230.89]
Matrícula do

[1.0, 0.0, 0.0, 1.0, 474.56, 230.89]
Trabalhador
[1.0, 0.0, 0.0, 1.0, 39.91, 216.73]


[1.0, 0.0, 0.0, 1.0, 39.91, 216.73]
11
[1.0, 0.0, 0.0, 1.0, 157.11, 216.73]
65.599.953
[1.0, 0.0, 0.0, 1.0, 296.8, 216.73]
CAPGEMINI BRASIL S/A
[1.0, 0.0, 0.0, 1.0, 584.66, 210.57]
Empregado ou Agente

[1.0, 0.0, 0.0, 1.0, 584.66, 210.57]
Público
[1.0, 0.0, 0.0, 1.0, 650.96, 216.73]
07/04/2021
[1.0, 0.0, 0.0, 1.0, 765.39, 216.73]
02/2023
[1.0, 0.0, 0.0, 1.0, 66.98, 216.73]
137.29863.19-2
[1.0, 0.0, 0.0, 1.0, 484.19, 216.73]
1034846
[1.0, 0.0, 0.0, 1.0, 39.22, 200.23]


[1.0, 0.0, 0.0, 1.0, 39.22, 200.23]
Indicadores:
[1.0, 0.0, 0.0, 1.0, 96.0, 200.23]
IVIN-JORN-DIFERENCIADA, IREM-INDPEND
[1.0, 0.0, 0.0, 1.0, 42.68, 163.73]


[1.0, 0.0, 0.0, 1.0, 42.68, 163.73]
Competência
[1.0, 0.0, 0.0, 1.0, 131.16, 163.73]
Remuneração
[1.0, 0.0, 0.0, 1.0, 220.7, 163.73]
Indicadores
[1.0, 0.0, 0.0, 1.0, 305.68, 163.73]
Competência
[1.0, 0.0, 0.0, 1.0, 394.16, 163.73]
Remuneração
[1.0, 0.0, 0.0, 1.0, 483.7, 163.73]
Indicadores
[1.0, 0.0, 0.0, 1.0, 566.68, 163.73]
Competência
[1.0, 0.0, 0.0, 1.0, 655.16, 163.73]
Remuneração
[1.0, 0.0, 0.0, 1.0, 746.7, 163.73]
Indicadores
[1.0, 0.0, 0.0, 1.0, 53.77, 180.23]
Remunerações
[1.0, 0.0, 0.0, 1.0, 55.39, 148.73]


[1.0, 0.0, 0.0, 1.0, 55.39, 148.73]
04/2021
[1.0, 0.0, 0.0, 1.0, 144.2, 148.73]
5.360,00
[1.0, 0.0, 0.0, 1.0, 318.39, 148.73]
05/2021
[1.0, 0.0, 0.0, 1.0, 407.2, 148.73]
9.108,95
[1.0, 0.0, 0.0, 1.0, 579.39, 148.73]
06/2021
[1.0, 0.0, 0.0, 1.0, 668.2, 148.73]
7.208,53
[1.0, 0.0, 0.0, 1.0, 55.39, 133.73]


[1.0, 0.0, 0.0, 1.0, 55.39, 133.73]
07/2021
[1.0, 0.0, 0.0, 1.0, 144.2, 133.73]
7.208,53
[1.0, 0.0, 0.0, 1.0, 318.39, 133.73]
08/2021
[1.0, 0.0, 0.0, 1.0, 407.2, 133.73]
7.208,53
[1.0, 0.0, 0.0, 1.0, 579.39, 133.73]
09/2021
[1.0, 0.0, 0.0, 1.0, 668.2, 133.73]
9.311,79
[1.0, 0.0, 0.0, 1.0, 55.39, 118.73]


[1.0, 0.0, 0.0, 1.0, 55.39, 118.73]
10/2021
[1.0, 0.0, 0.0, 1.0, 144.2, 118.73]
7.208,53
[1.0, 0.0, 0.0, 1.0, 318.39, 118.73]
11/2021
[1.0, 0.0, 0.0, 1.0, 407.2, 118.73]
7.208,53
[1.0, 0.0, 0.0, 1.0, 579.39, 118.73]
12/2021
[1.0, 0.0, 0.0, 1.0, 668.2, 118.73]
7.208,53
[1.0, 0.0, 0.0, 1.0, 55.39, 103.73]


[1.0, 0.0, 0.0, 1.0, 55.39, 103.73]
01/2022
[1.0, 0.0, 0.0, 1.0, 144.2, 103.73]
7.421,25
[1.0, 0.0, 0.0, 1.0, 318.39, 103.73]
02/2022
[1.0, 0.0, 0.0, 1.0, 407.2, 103.73]
7.208,53
[1.0, 0.0, 0.0, 1.0, 579.39, 103.73]
03/2022
[1.0, 0.0, 0.0, 1.0, 668.2, 103.73]
7.208,53
[1.0, 0.0, 0.0, 1.0, 55.39, 88.73]


[1.0, 0.0, 0.0, 1.0, 55.39, 88.73]
04/2022
[1.0, 0.0, 0.0, 1.0, 144.2, 88.73]
8.078,19
[1.0, 0.0, 0.0, 1.0, 318.39, 88.73]
05/2022
[1.0, 0.0, 0.0, 1.0, 407.2, 88.73]
7.177,00
[1.0, 0.0, 0.0, 1.0, 579.39, 88.73]
05/2022
[1.0, 0.0, 0.0, 1.0, 672.01, 88.73]
929,84
[1.0, 0.0, 0.0, 1.0, 751.03, 88.73]
IREM-ACD
[1.0, 0.0, 0.0, 1.0, 43.12, 426.04]
Relações Previdenciárias
[1.0, 0.0, 0.0, 1.0, 25.0, 44.04]


[1.0, 0.0, 0.0, 1.0, 25.0, 34.73]
O INSS poderá rever a qualquer tempo as informações constantes deste extrato, observados os arts.19 ao 19-F do RPS aprovado pelo Decreto 3.048/99.

[1.0, 0.0, 0.0, 1.0, 25.0, 25.42]
O segurado somente terá reconhecida como tempo de contribuição ao RGPS a competência cujo valor consolidado seja igual ou superior ao salário mínimo, sendo assegurados os ajustes de complementação, utilização

[1.0, 0.0, 0.0, 1.0, 25.0, 25.42]
ou agrupamento, conforme o caso, de acordo com o § 14 do art.195 da CF/1988 e art.29 da EC 103/2019.
[1.0, 0.0, 0.0, 1.0, 279.96, 535.85]
INSS

[1.0, 0.0, 0.0, 1.0, 357.31, 521.88]
CNIS - Cadastro Nacional de Informações Sociais

[1.0, 0.0, 0.0, 1.0, 357.31, 521.88]
Extrato Previdenciário
[1.0, 0.0, 0.0, 1.0, 357.31, 521.88]


[1.0, 0.0, 0.0, 1.0, 748.61, 518.23]
10/03/2023 21:08:54
[1.0, 0.0, 0.0, 1.0, 25.0, 473.72]


[1.0, 0.0, 0.0, 1.0, 25.0, 473.72]
NIT:
[1.0, 0.0, 0.0, 1.0, 55.0, 473.72]
137.29863.19-2
[1.0, 0.0, 0.0, 1.0, 228.0, 473.72]
CPF:
[1.0, 0.0, 0.0, 1.0, 263.0, 473.72]
021.544.643-78
[1.0, 0.0, 0.0, 1.0, 361.0, 473.72]
Nome:
[1.0, 0.0, 0.0, 1.0, 405.0, 473.72]
DENISIO EMANUEL DE SOUSA RODRIGUES
[1.0, 0.0, 0.0, 1.0, 25.0, 458.72]


[1.0, 0.0, 0.0, 1.0, 25.0, 458.72]
Data de nascimento:
[1.0, 0.0, 0.0, 1.0, 150.0, 458.72]
26/07/1986
[1.0, 0.0, 0.0, 1.0, 361.0, 458.72]
Nome da mãe:
[1.0, 0.0, 0.0, 1.0, 455.0, 458.72]
JACQUELINE DE SOUSA RODRIGUES
[1.0, 0.0, 0.0, 1.0, 746.3, 563.23]
Página 7 de
[1.0, 0.0, 0.0, 1.0, 792.0, 563.23]
8
[1.0, 0.0, 0.0, 1.0, 42.63, 491.72]


[1.0, 0.0, 0.0, 1.0, 42.63, 491.72]
Identificação do Filiado
[1.0, 0.0, 0.0, 1.0, 55.39, 404.73]


[1.0, 0.0, 0.0, 1.0, 55.39, 404.73]
06/2022
[1.0, 0.0, 0.0, 1.0, 144.2, 404.73]
7.227,57
[1.0, 0.0, 0.0, 1.0, 318.39, 404.73]
06/2022
[1.0, 0.0, 0.0, 1.0, 411.01, 404.73]
901,27
[1.0, 0.0, 0.0, 1.0, 490.03, 404.73]
IREM-ACD
[1.0, 0.0, 0.0, 1.0, 579.39, 404.73]
07/2022
[1.0, 0.0, 0.0, 1.0, 668.2, 404.73]
7.197,72
[1.0, 0.0, 0.0, 1.0, 55.39, 389.73]


[1.0, 0.0, 0.0, 1.0, 55.39, 389.73]
07/2022
[1.0, 0.0, 0.0, 1.0, 148.01, 389.73]
898,90
[1.0, 0.0, 0.0, 1.0, 227.03, 389.73]
IREM-ACD
[1.0, 0.0, 0.0, 1.0, 318.39, 389.73]
08/2022
[1.0, 0.0, 0.0, 1.0, 407.2, 389.73]
8.139,16
[1.0, 0.0, 0.0, 1.0, 579.39, 389.73]
09/2022
[1.0, 0.0, 0.0, 1.0, 668.2, 389.73]
8.200,93
[1.0, 0.0, 0.0, 1.0, 55.39, 374.73]


[1.0, 0.0, 0.0, 1.0, 55.39, 374.73]
10/2022
[1.0, 0.0, 0.0, 1.0, 141.66, 374.73]
11.775,82
[1.0, 0.0, 0.0, 1.0, 318.39, 374.73]
11/2022
[1.0, 0.0, 0.0, 1.0, 407.2, 374.73]
8.625,16
[1.0, 0.0, 0.0, 1.0, 579.39, 374.73]
12/2022
[1.0, 0.0, 0.0, 1.0, 668.2, 374.73]
8.512,80
[1.0, 0.0, 0.0, 1.0, 55.39, 359.73]


[1.0, 0.0, 0.0, 1.0, 55.39, 359.73]
01/2023
[1.0, 0.0, 0.0, 1.0, 144.2, 359.73]
8.512,80
[1.0, 0.0, 0.0, 1.0, 318.39, 359.73]
02/2023
[1.0, 0.0, 0.0, 1.0, 407.2, 359.73]
8.617,08
[1.0, 0.0, 0.0, 1.0, 43.12, 426.04]
Relações Previdenciárias
[1.0, 0.0, 0.0, 1.0, 58.98, 308.72]


[1.0, 0.0, 0.0, 1.0, 58.98, 308.72]
Valores Consolidados por Ano Civil
[1.0, 0.0, 0.0, 1.0, 52.25, 291.38]


[1.0, 0.0, 0.0, 1.0, 52.25, 291.38]
Ano
[1.0, 0.0, 0.0, 1.0, 114.25, 291.38]
Jan
[1.0, 0.0, 0.0, 1.0, 174.25, 291.38]
Fev
[1.0, 0.0, 0.0, 1.0, 234.0, 291.38]
Mar
[1.0, 0.0, 0.0, 1.0, 294.25, 291.38]
Abr
[1.0, 0.0, 0.0, 1.0, 354.5, 291.38]
Mai
[1.0, 0.0, 0.0, 1.0, 414.0, 291.38]
Jun
[1.0, 0.0, 0.0, 1.0, 475.5, 291.38]
Jul
[1.0, 0.0, 0.0, 1.0, 533.25, 291.38]
Ago
[1.0, 0.0, 0.0, 1.0, 595.0, 291.38]
Set
[1.0, 0.0, 0.0, 1.0, 654.25, 291.38]
Out
[1.0, 0.0, 0.0, 1.0, 713.5, 291.38]
Nov
[1.0, 0.0, 0.0, 1.0, 774.0, 291.38]
Dez
[1.0, 0.0, 0.0, 1.0, 50.99, 275.38]


[1.0, 0.0, 0.0, 1.0, 50.99, 275.38]
2019
[1.0, 0.0, 0.0, 1.0, 701.48, 275.38]
5.839,45 *
[1.0, 0.0, 0.0, 1.0, 764.49, 275.38]
5.415,04
[1.0, 0.0, 0.0, 1.0, 50.99, 260.38]


[1.0, 0.0, 0.0, 1.0, 50.99, 260.38]
2020
[1.0, 0.0, 0.0, 1.0, 101.48, 260.38]
6.101,06 *
[1.0, 0.0, 0.0, 1.0, 164.49, 260.38]
4.728,15
[1.0, 0.0, 0.0, 1.0, 224.49, 260.38]
4.728,15
[1.0, 0.0, 0.0, 1.0, 284.49, 260.38]
5.011,24
[1.0, 0.0, 0.0, 1.0, 344.49, 260.38]
5.500,00
[1.0, 0.0, 0.0, 1.0, 404.49, 260.38]
5.500,00
[1.0, 0.0, 0.0, 1.0, 464.49, 260.38]
5.642,79
[1.0, 0.0, 0.0, 1.0, 524.49, 260.38]
5.747,50
[1.0, 0.0, 0.0, 1.0, 584.49, 260.38]
5.500,00
[1.0, 0.0, 0.0, 1.0, 644.49, 260.38]
5.500,00
[1.0, 0.0, 0.0, 1.0, 704.49, 260.38]
5.500,00
[1.0, 0.0, 0.0, 1.0, 764.49, 260.38]
5.500,00
[1.0, 0.0, 0.0, 1.0, 50.99, 245.38]


[1.0, 0.0, 0.0, 1.0, 50.99, 245.38]
2021
[1.0, 0.0, 0.0, 1.0, 104.49, 245.38]
5.500,00
[1.0, 0.0, 0.0, 1.0, 164.49, 245.38]
5.500,00
[1.0, 0.0, 0.0, 1.0, 224.49, 245.38]
3.116,67
[1.0, 0.0, 0.0, 1.0, 284.49, 245.38]
5.360,00
[1.0, 0.0, 0.0, 1.0, 341.48, 245.38]
6.433,57 *
[1.0, 0.0, 0.0, 1.0, 401.48, 245.38]
6.433,57 *
[1.0, 0.0, 0.0, 1.0, 461.48, 245.38]
6.433,57 *
[1.0, 0.0, 0.0, 1.0, 521.48, 245.38]
6.433,57 *
[1.0, 0.0, 0.0, 1.0, 581.48, 245.38]
6.433,57 *
[1.0, 0.0, 0.0, 1.0, 641.48, 245.38]
6.433,57 *
[1.0, 0.0, 0.0, 1.0, 701.48, 245.38]
6.433,57 *
[1.0, 0.0, 0.0, 1.0, 761.48, 245.38]
6.433,57 *
[1.0, 0.0, 0.0, 1.0, 50.99, 230.38]


[1.0, 0.0, 0.0, 1.0, 50.99, 230.38]
2022
[1.0, 0.0, 0.0, 1.0, 101.48, 230.38]
7.087,22 *
[1.0, 0.0, 0.0, 1.0, 161.48, 230.38]
7.087,22 *
[1.0, 0.0, 0.0, 1.0, 221.48, 230.38]
7.087,22 *
[1.0, 0.0, 0.0, 1.0, 281.48, 230.38]
7.087,22 *
[1.0, 0.0, 0.0, 1.0, 341.48, 230.38]
7.087,22 *
[1.0, 0.0, 0.0, 1.0, 401.48, 230.38]
7.087,22 *
[1.0, 0.0, 0.0, 1.0, 461.48, 230.38]
7.087,22 *
[1.0, 0.0, 0.0, 1.0, 521.48, 230.38]
7.087,22 *
[1.0, 0.0, 0.0, 1.0, 581.48, 230.38]
7.087,22 *
[1.0, 0.0, 0.0, 1.0, 641.48, 230.38]
7.087,22 *
[1.0, 0.0, 0.0, 1.0, 701.48, 230.38]
7.087,22 *
[1.0, 0.0, 0.0, 1.0, 761.48, 230.38]
7.087,22 *
[1.0, 0.0, 0.0, 1.0, 50.99, 215.38]


[1.0, 0.0, 0.0, 1.0, 50.99, 215.38]
2023
[1.0, 0.0, 0.0, 1.0, 101.48, 215.38]
7.507,49 *
[1.0, 0.0, 0.0, 1.0, 161.48, 215.38]
7.507,49 *
[1.0, 0.0, 0.0, 1.0, 67.53, 139.65]


[1.0, 0.0, 0.0, 1.0, 67.53, 139.65]
IREM-ACD
[1.0, 0.0, 0.0, 1.0, 155.0, 129.17]
Remuneração possui parcela de Acordo, Convenção ou

[1.0, 0.0, 0.0, 1.0, 155.0, 129.17]
Dissídio Coletivo.
[1.0, 0.0, 0.0, 1.0, 446.68, 139.65]
IREM-INDPEND
[1.0, 0.0, 0.0, 1.0, 555.0, 139.65]
Remunerações com indicadores/pendências
[1.0, 0.0, 0.0, 1.0, 32.69, 114.65]


[1.0, 0.0, 0.0, 1.0, 32.69, 114.65]
IVIN-JORN-DIFERENCIADA
[1.0, 0.0, 0.0, 1.0, 155.0, 114.65]
Vínculo possui regime de jornada diferenciada
[1.0, 0.0, 0.0, 1.0, 439.63, 114.65]
PREC-MENOR-MIN
[1.0, 0.0, 0.0, 1.0, 555.0, 114.65]
Recolhimento abaixo do valor mínimo
[1.0, 0.0, 0.0, 1.0, 68.8, 153.73]
Indicador
[1.0, 0.0, 0.0, 1.0, 150.0, 153.73]
Descrição
[1.0, 0.0, 0.0, 1.0, 458.8, 153.73]
Indicador
[1.0, 0.0, 0.0, 1.0, 540.0, 153.73]
Descrição
[1.0, 0.0, 0.0, 1.0, 43.15, 172.04]
Legenda de Indicadores
[1.0, 0.0, 0.0, 1.0, 25.0, 44.04]


[1.0, 0.0, 0.0, 1.0, 25.0, 34.73]
O INSS poderá rever a qualquer tempo as informações constantes deste extrato, observados os arts.19 ao 19-F do RPS aprovado pelo Decreto 3.048/99.

[1.0, 0.0, 0.0, 1.0, 25.0, 25.42]
O segurado somente terá reconhecida como tempo de contribuição ao RGPS a competência cujo valor consolidado seja igual ou superior ao salário mínimo, sendo assegurados os ajustes de complementação, utilização

[1.0, 0.0, 0.0, 1.0, 25.0, 25.42]
ou agrupamento, conforme o caso, de acordo com o § 14 do art.195 da CF/1988 e art.29 da EC 103/2019.
[1.0, 0.0, 0.0, 1.0, 279.96, 535.85]
INSS

[1.0, 0.0, 0.0, 1.0, 357.31, 521.88]
CNIS - Cadastro Nacional de Informações Sociais

[1.0, 0.0, 0.0, 1.0, 357.31, 521.88]
Extrato Previdenciário
[1.0, 0.0, 0.0, 1.0, 357.31, 521.88]


[1.0, 0.0, 0.0, 1.0, 748.61, 518.23]
10/03/2023 21:08:54
[1.0, 0.0, 0.0, 1.0, 25.0, 473.72]


[1.0, 0.0, 0.0, 1.0, 25.0, 473.72]
NIT:
[1.0, 0.0, 0.0, 1.0, 55.0, 473.72]
137.29863.19-2
[1.0, 0.0, 0.0, 1.0, 228.0, 473.72]
CPF:
[1.0, 0.0, 0.0, 1.0, 263.0, 473.72]
021.544.643-78
[1.0, 0.0, 0.0, 1.0, 361.0, 473.72]
Nome:
[1.0, 0.0, 0.0, 1.0, 405.0, 473.72]
DENISIO EMANUEL DE SOUSA RODRIGUES
[1.0, 0.0, 0.0, 1.0, 25.0, 458.72]


[1.0, 0.0, 0.0, 1.0, 25.0, 458.72]
Data de nascimento:
[1.0, 0.0, 0.0, 1.0, 150.0, 458.72]
26/07/1986
[1.0, 0.0, 0.0, 1.0, 361.0, 458.72]
Nome da mãe:
[1.0, 0.0, 0.0, 1.0, 455.0, 458.72]
JACQUELINE DE SOUSA RODRIGUES
[1.0, 0.0, 0.0, 1.0, 746.3, 563.23]
Página 8 de
[1.0, 0.0, 0.0, 1.0, 792.0, 563.23]
8
[1.0, 0.0, 0.0, 1.0, 42.63, 491.72]


[1.0, 0.0, 0.0, 1.0, 42.63, 491.72]
Identificação do Filiado
[1.0, 0.0, 0.0, 1.0, 42.63, 491.72]


[1.0, 0.0, 0.0, 1.0, 125.0, 101.54]
Você pode conferir a autenticidade do documento em

[1.0, 0.0, 0.0, 1.0, 125.0, 89.9]
https://meu.inss.gov.br/central/#/autenticidade

[1.0, 0.0, 0.0, 1.0, 125.0, 89.9]
com o código 230310CENTRAL-JVY6AY12
[1.0, 0.0, 0.0, 1.0, 25.0, 44.04]


[1.0, 0.0, 0.0, 1.0, 25.0, 34.73]
O INSS poderá rever a qualquer tempo as informações constantes deste extrato, observados os arts.19 ao 19-F do RPS aprovado pelo Decreto 3.048/99.

[1.0, 0.0, 0.0, 1.0, 25.0, 25.42]
O segurado somente terá reconhecida como tempo de contribuição ao RGPS a competência cujo valor consolidado seja igual ou superior ao salário mínimo, sendo assegurados os ajustes de complementação, utilização

[1.0, 0.0, 0.0, 1.0, 25.0, 25.42]
ou agrupamento, conforme o caso, de acordo com o § 14 do art.195 da CF/1988 e art.29 da EC 103/2019.
